1.2915 1.5775 2.1349
1.4637 1.7911 2.4663
1.5547 1.9164 2.7222
1.7602 2.1756 3.0359
1.7279 2.1472 3.0563
1.5694 1.9410 2.7223
1.3932 1.7075 2.3176
1.2093 1.4777 1.9770
1.2312 1.4997 2.0299
1.4469 1.7674 2.3872
1.5475 1.8961 2.6196
1.6030 1.9823 2.8107
1.3391 1.6537 2.3385
1.2752 1.5683 2.1634
1.1103 1.3614 1.8705
0.9728 1.1869 1.6092
0.9967 1.2185 1.6318
1.0813 1.3211 1.7748
1.1715 1.4315 1.9568
1.2324 1.5145 2.1348
1.2054 1.4731 2.0108
1.1551 1.4279 2.0019
0.9473 1.1656 1.6064
0.8969 1.0915 1.4876
0.7688 0.9383 1.2338
0.8259 1.0036 1.3237
0.9377 1.1486 1.5280
0.8575 1.0518 1.4377
0.9353 1.1485 1.5534
0.8697 1.0661 1.4283
0.8072 0.9793 1.3122
0.7094 0.8683 1.1535
0.6650 0.8067 1.0717
0.7470 0.9094 1.1894
0.7916 0.9669 1.2814
0.8170 0.9952 1.3107
0.6711 0.8188 1.0962
0.6272 0.7616 1.0043
0.5784 0.6993 0.9202
0.4551 0.5500 0.7220
0.4782 0.5816 0.7597
0.4423 0.5356 0.6980
0.4831 0.5889 0.7787
0.5744 0.6961 0.9041
0.5596 0.6810 0.8769
0.4985 0.6039 0.7859
0.4790 0.5806 0.7607
0.4466 0.5372 0.7071
0.6691 0.8164 1.0737
0.7535 0.9271 1.2657
0.8581 1.0628 1.4736
0.9074 1.1238 1.5764
0.9127 1.1400 1.6173
0.8280 1.0250 1.4374
0.7436 0.9121 1.2087
0.6247 0.7678 1.0265
0.6526 0.7984 1.0550
0.7476 0.9186 1.2445
0.8094 1.0016 1.3778
0.8461 1.0411 1.4301
0.7426 0.9184 1.2485
0.6631 0.8119 1.1032
0.6381 0.7849 1.0819
0.5275 0.6465 0.8665
0.5365 0.6506 0.8626
0.6372 0.7826 1.0416
0.6570 0.8034 1.0690
0.6927 0.8573 1.1915
0.6727 0.8226 1.1307
0.6443 0.7878 1.0673
0.5507 0.6719 0.9202
0.5238 0.6398 0.8557
0.4367 0.5328 0.7101
0.4842 0.5868 0.7799
0.5328 0.6533 0.8845
0.5514 0.6729 0.9065
0.5418 0.6662 0.9071
0.5261 0.6432 0.8648
0.4835 0.5923 0.7949
0.4262 0.5196 0.7003
0.3837 0.4639 0.5958
0.4256 0.5184 0.6789
0.4588 0.5558 0.7341
0.4553 0.5521 0.7278
0.4401 0.5358 0.7051
0.4262 0.5192 0.6781
0.3941 0.4797 0.6329
0.3340 0.4013 0.5282
0.3057 0.3692 0.4752
0.3432 0.4157 0.5368
0.3677 0.4482 0.5822
0.3973 0.4845 0.6344
0.3595 0.4372 0.5684
0.3544 0.4287 0.5677
0.3330 0.4012 0.5261
0.3021 0.3622 0.4774
